8465592153071947965407031926345193155758907891788917415729299406814952024181286908347819179898030196445152029827477961892148907666094264557620534290091807
9332831521162257428994612036560200529296390591765462462517743311344048797072892429742682084768507805492338724399502572327698617062516745490020912978879364
12017121987491860891261730543198756977133211544812401998082713465001332084217980795114167763438185697548412934633502012487329213444203647091479217736811756
11412365248659920966648667810177119243137259582602586307749352566210944318936395091176621223715336335316624958658715234968146989094087874642051406086808006
9516483629419132558614196875737148475014908976649402059633007017692790299614597538791361703296893249393553020276332455274489228265551638979386976312968943
11798690650256259574702576421171011233283008583266934922267046727066991667896349663948807353342724731300283096837780451250817258316393786531458514898639164
7072212495714996033124332194834079195256531078922075006819934249660254594203360819106430779635831935227675551698372848371729648887174831896084386237481720
10629519700705660977775504652205455643414458780317349589960782738922486507946017743005638013197520732429094732416883665821853513573064096311656364310026008
12802459584680070595559338646256985961911254017928121014673537100816159814948080858741399235945521654605107595879997547928096120803206520017035310004030141
12181189255746620855632057497149972837897667316051359490739599287688371728317865096625578601790027576079191777676880400585366138809107493105772536317258733
8125576699064196881965569160405927797662932543085854224468204887541273562812591837227296311154150485888797946591034713449313512169832109419218530478661484
